classification:
  attention_dim: 128
  classification_layer_count: 2
  classifier_size: 768
  custom: true
  dataset_path: data/track_a/train/eng.csv
  dropout_rate: 0.1
  extended_dataset: false
  extended_split: 0.2
  freeze_layers: false
  freeze_to_layer: 12
  head_type: fc
  loRa: false
  num_attention_heads: 1
  pretrained_model: roberta-base
  training:
    learning_rate: 2.0e-05
    per_device_eval_batch_size: 32
    per_device_train_batch_size: 32
    train_epochs: 30
    warmup_steps: 500
    weight_decay: 0.01
  training_set_split: 0.8
results:
  dev:
    epoch: 30.0
    eval_accuracy: 0.3958333333333333
    eval_f1: 0.711400762084566
    eval_loss: 1.659387230873108
    eval_precision: 0.7284042440452405
    eval_recall: 0.7046979865771812
    eval_runtime: 0.881
    eval_samples_per_second: 131.663
    eval_steps_per_second: 4.54
  eval:
    epoch: 30.0
    eval_accuracy: 0.47610294117647056
    eval_f1: 0.7630542701997406
    eval_loss: 1.4761347770690918
    eval_precision: 0.7657277366217531
    eval_recall: 0.7613908872901679
    eval_runtime: 4.5752
    eval_samples_per_second: 121.088
    eval_steps_per_second: 3.934
