classification:
  attention_dim: 128
  classification_layer_count: 2
  classifier_size: 768
  custom: true
  dataset_path: data/track_a/train/eng.csv
  dropout_rate: 0.1
  extended_dataset: true
  extended_split: 0.33
  freeze_layers: false
  freeze_to_layer: 12
  head_type: fc
  loRa: false
  num_attention_heads: 1
  pretrained_model: bert-large-uncased
  training:
    learning_rate: 2.0e-05
    per_device_eval_batch_size: 32
    per_device_train_batch_size: 32
    train_epochs: 30
    warmup_steps: 500
    weight_decay: 0.01
  training_set_split: 0.8
results:
  dev:
    epoch: 30.0
    eval_accuracy: 0.3645833333333333
    eval_f1: 0.6980062011852899
    eval_loss: 1.8194957971572876
    eval_precision: 0.69390140061281
    eval_recall: 0.7046979865771812
    eval_runtime: 2.0086
    eval_samples_per_second: 57.752
    eval_steps_per_second: 1.991
  eval:
    epoch: 30.0
    eval_accuracy: 0.4319852941176471
    eval_f1: 0.7495047180740215
    eval_loss: 1.5995938777923584
    eval_precision: 0.7463086532559303
    eval_recall: 0.7529976019184652
    eval_runtime: 11.4514
    eval_samples_per_second: 48.378
    eval_steps_per_second: 1.572
