version https://git-lfs.github.com/spec/v1
oid sha256:65e429a29702f94f4cf659c967050ea4ba4b0c2661de40cd9b42bf1c894eb9a8
size 3864
