classification:
  attention_dim: 128
  classification_layer_count: 2
  classifier_size: 768
  custom: true
  dataset_path: data/track_a/train/eng.csv
  dropout_rate: 0.1
  extended_dataset: true
  extended_split: 1.0
  freeze_layers: false
  freeze_to_layer: 12
  head_type: fc
  loRa: false
  num_attention_heads: 1
  pretrained_model: roberta-large
  training:
    learning_rate: 2.0e-05
    per_device_eval_batch_size: 32
    per_device_train_batch_size: 32
    train_epochs: 30
    warmup_steps: 500
    weight_decay: 0.01
  training_set_split: 0.8
results:
  dev:
    epoch: 30.0
    eval_accuracy: 0.4583333333333333
    eval_f1: 0.7666790474341637
    eval_loss: 0.4268299639225006
    eval_precision: 0.7592486315972778
    eval_recall: 0.785234899328859
    eval_runtime: 2.1888
    eval_samples_per_second: 52.996
    eval_steps_per_second: 1.827
  eval:
    epoch: 30.0
    eval_accuracy: 0.4797794117647059
    eval_f1: 0.7860376517729328
    eval_loss: 0.36618778109550476
    eval_precision: 0.7541237378418661
    eval_recall: 0.8249400479616307
    eval_runtime: 11.8614
    eval_samples_per_second: 46.706
    eval_steps_per_second: 1.518
