classification:
  attention_dim: 128
  classification_layer_count: 2
  classifier_size: 768
  custom: true
  dataset_path: data/track_a/train/eng.csv
  dropout_rate: 0.1
  extended_dataset: true
  extended_split: 1.0
  freeze_layers: false
  freeze_to_layer: 12
  head_type: fc
  loRa: false
  num_attention_heads: 1
  pretrained_model: roberta-base
  training:
    learning_rate: 2.0e-05
    per_device_eval_batch_size: 32
    per_device_train_batch_size: 32
    train_epochs: 30
    warmup_steps: 500
    weight_decay: 0.01
  training_set_split: 0.8
results:
  dev:
    epoch: 30.0
    eval_accuracy: 0.4583333333333333
    eval_f1: 0.7487443768735852
    eval_loss: 0.6243476271629333
    eval_precision: 0.7277905671115305
    eval_recall: 0.7718120805369127
    eval_runtime: 0.7838
    eval_samples_per_second: 147.998
    eval_steps_per_second: 5.103
  eval:
    epoch: 30.0
    eval_accuracy: 0.45955882352941174
    eval_f1: 0.7631456238615725
    eval_loss: 0.514137327671051
    eval_precision: 0.7283992303944024
    eval_recall: 0.802158273381295
    eval_runtime: 4.4437
    eval_samples_per_second: 124.67
    eval_steps_per_second: 4.051
